+-------------------------------------------------------------------------------------------------------------------------------------------------------------------------------------------------------------------------+
; Legal Partition Candidates                                                                                                                                                                                              ;
+--------------------+-------+----------------+--------------+----------------+--------+-----------------+---------------+-----------------+-------+----------------+--------------+------------------+-------------------+
; Hierarchy          ; Input ; Constant Input ; Unused Input ; Floating Input ; Output ; Constant Output ; Unused Output ; Floating Output ; Bidir ; Constant Bidir ; Unused Bidir ; Input only Bidir ; Output only Bidir ;
+--------------------+-------+----------------+--------------+----------------+--------+-----------------+---------------+-----------------+-------+----------------+--------------+------------------+-------------------+
; ULA                ; 19    ; 0              ; 0            ; 0              ; 9      ; 0               ; 0             ; 0               ; 0     ; 0              ; 0            ; 0                ; 0                 ;
; BancoRegistradores ; 14    ; 0              ; 14           ; 0              ; 8      ; 0               ; 0             ; 0               ; 0     ; 0              ; 0            ; 0                ; 0                 ;
; muxRAM_Imediato    ; 17    ; 0              ; 0            ; 0              ; 8      ; 0               ; 0             ; 0               ; 0     ; 0              ; 0            ; 0                ; 0                 ;
; UNIDCONTROLE       ; 5     ; 8              ; 0            ; 8              ; 9      ; 8               ; 8             ; 8               ; 0     ; 0              ; 0            ; 0                ; 0                 ;
; ROM                ; 8     ; 16             ; 0            ; 16             ; 16     ; 16              ; 16            ; 16              ; 0     ; 0              ; 0            ; 0                ; 0                 ;
; somaUm             ; 8     ; 0              ; 0            ; 0              ; 8      ; 0               ; 0             ; 0               ; 0     ; 0              ; 0            ; 0                ; 0                 ;
; MuxPC              ; 17    ; 0              ; 0            ; 0              ; 8      ; 0               ; 0             ; 0               ; 0     ; 0              ; 0            ; 0                ; 0                 ;
; PC                 ; 11    ; 2              ; 0            ; 2              ; 8      ; 2               ; 2             ; 2               ; 0     ; 0              ; 0            ; 0                ; 0                 ;
+--------------------+-------+----------------+--------------+----------------+--------+-----------------+---------------+-----------------+-------+----------------+--------------+------------------+-------------------+
